──────────────────────────────────────────────────────────────────────────────────────── 
 log-evidence     RMSE   noise_precision   prior_precision   season_shift   cycle_shift  
──────────────────────────────────────────────────────────────────────────────────────── 
      -320.88   16.929   10                0.045             -0.07          8.1          
      -333.09   17.904   11                0.045             -0.07          8.1          
      -309.56   18.186   9                 0.045             -0.07          8.1          
      -321.95   18.186   10                0.05              -0.07          8.1          
       -322.3   18.393   10                0.05              -0.07          8            
      -322.24   18.444   10                0.04              -0.07          8.1          
      -322.67   18.624   10                0.05              -0.07          7.9          
      -323.08    18.88   10                0.05              -0.07          7.8          
      -328.39   23.778   10                0.06              -0.07          8.1          
       -337.8   32.857   10                0.03              -0.07          8.2          
      -370.91   42.714   10                0.1               -0.08          8            
      -444.85   59.524   10                0.2               -0.08          8            
      -446.93   59.896   10                0.2               -0.09          8            
      -448.56   60.338   10                0.2               -0.09          8.5          
──────────────────────────────────────────────────────────────────────────────────────── 